there were  2877471  updates to mask
value count million km^2
157 2844621 132.4879052518717
158 139905 11.952604622639289
159 609147 51.472230585083175
160 581400 48.42812770385728
161 550602 44.5454525787127
162 581805 44.584805012936705
163 718524 49.73765928916704
164 812232 46.745912125761905
165 2452671 77.48053937251444
170 1188 0.0805868617174118
171 1197 0.07855929367397353
172 648 0.04155994253892879
173 891 0.05549204808399246
174 3519 0.20806426390110766
255 32850 2.197042559766019


all area:  510.0965415122257
